frame_000005_0 0.0320029 -0.0119355 0.00231895 0.0210807 0.0788881 0.00476024 0.996649
frame_000006_0 0.0406155 -0.0146005 0.00201243 0.028619 0.10567 0.00685428 0.993966
frame_000007_0 0.0488313 -0.0160931 0.00209661 0.036426 0.132662 0.00873408 0.990453
frame_000008_0 0.055816 -0.0161788 0.00307932 0.0446061 0.160574 0.00972254 0.985967
frame_000009_0 0.0625139 -0.0185811 0.0023493 0.0515912 0.187865 0.011968 0.980766
frame_000010_0 0.0711896 -0.0203446 -0.00158836 0.0590593 0.213836 0.0161836 0.974948
frame_000011_0 0.078916 -0.0271569 -0.0070646 0.0635881 0.240082 0.0212963 0.968434
frame_000012_0 0.084332 -0.0284056 -0.0133923 0.0707524 0.267046 0.0250286 0.960757
frame_000013_0 0.0915279 -0.025572 -0.0162917 0.0798702 0.293307 0.0271744 0.952288
frame_000014_0 0.0948632 -0.0228727 -0.0192593 0.0886517 0.320828 0.0303497 0.942491
frame_000015_0 0.0965302 -0.0210402 -0.0227052 0.0970833 0.348911 0.0353979 0.931441
frame_000016_0 0.0980003 -0.0168418 -0.0253071 0.106869 0.376866 0.0409244 0.919171
frame_000017_0 0.0975466 -0.0175327 -0.0272144 0.113594 0.405749 0.0469228 0.905683
frame_000018_0 0.0946036 -0.0157341 -0.0305682 0.121402 0.434787 0.0536838 0.890696
frame_000019_0 0.0964319 -0.0146167 -0.0327919 0.128976 0.461645 0.0589238 0.875658
frame_000020_0 0.095771 -0.0133174 -0.0339794 0.136573 0.489241 0.0660872 0.85885
frame_000021_0 0.0987253 -0.0208137 -0.0362063 0.137851 0.51554 0.0720534 0.842629
frame_000022_0 0.101924 -0.0263453 -0.0385738 0.140747 0.541155 0.0790756 0.825281
frame_000023_0 0.105326 -0.0344152 -0.0434994 0.14226 0.564891 0.0889238 0.807931
frame_000024_0 0.104804 -0.036175 -0.0445441 0.148709 0.589679 0.102192 0.787224
frame_000025_0 0.105282 -0.0378321 -0.0513766 0.15332 0.612114 0.113576 0.767404
frame_000026_0 0.102023 -0.0362596 -0.0580596 0.158386 0.635477 0.120031 0.746107
frame_000027_0 0.101387 -0.0385255 -0.0606452 0.162384 0.658863 0.127983 0.723292
frame_000028_0 0.101082 -0.0311248 -0.0651987 0.170335 0.680279 0.130936 0.700758
frame_000031_0 -0.0733742 -0.0233221 0.00801032 0.00884003 0.0810695 0.00600526 0.996651
frame_000032_0 -0.0679051 -0.0219906 0.0113507 0.0122133 0.112064 0.0188407 0.993447
frame_000033_0 -0.0608214 -0.0236794 0.0154785 0.013941 0.142014 0.0328118 0.989222
frame_000034_0 -0.0547606 -0.0257299 0.0199164 0.0149161 0.172466 0.0474975 0.983757
frame_000035_0 -0.0527488 -0.0273394 0.0228275 0.0160875 0.204035 0.06335 0.976779
frame_000036_0 -0.0478322 -0.0286192 0.0236873 0.0158548 0.233192 0.0780678 0.969162
frame_000038_0 0.0142099 -0.0791371 -0.0374538 -0.0106285 0.205666 0.128371 0.970108
frame_000039_0 0.0169456 -0.0809961 -0.0330634 -0.0140476 0.236741 0.143317 0.960842
frame_000040_0 0.0201968 -0.0836792 -0.0296795 -0.0181814 0.267013 0.159086 0.950297
frame_000041_0 0.0247743 -0.0874704 -0.0281506 -0.0238558 0.295874 0.173121 0.939105
frame_000042_0 0.0286778 -0.0882391 -0.0256898 -0.0278713 0.324352 0.188167 0.926613
frame_000043_0 0.0334343 -0.0916131 -0.0242934 -0.0342447 0.352323 0.201964 0.913185
frame_000044_0 0.0348083 -0.09098 -0.0243685 -0.0390084 0.380034 0.213731 0.899095
frame_000045_0 0.0350014 -0.091201 -0.0254314 -0.0444379 0.407317 0.224861 0.884056
frame_000046_0 0.0355884 -0.0904297 -0.0264047 -0.0499046 0.433725 0.235596 0.868267
frame_000047_0 0.0363194 -0.0894534 -0.0274526 -0.0558913 0.459591 0.245149 0.851795
frame_000048_0 0.0350522 -0.0896332 -0.0302989 -0.062613 0.484921 0.254662 0.834313
frame_000049_0 0.0348041 -0.0899966 -0.0324307 -0.0704678 0.509309 0.262459 0.81655
frame_000050_0 0.0332385 -0.090969 -0.0343218 -0.0793741 0.534007 0.267973 0.797952
frame_000051_0 0.0329422 -0.0908252 -0.0355532 -0.0881592 0.557299 0.273657 0.778947
frame_000052_0 0.0324978 -0.0894537 -0.0354333 -0.0972596 0.579773 0.277552 0.759848
frame_000053_0 0.0339371 -0.08626 -0.0350514 -0.105841 0.601175 0.282332 0.74005
frame_000054_0 0.0337859 -0.0851939 -0.0359402 -0.115123 0.621265 0.286671 0.720136
frame_000055_0 0.0303251 -0.087185 -0.043276 -0.123845 0.640213 0.296346 0.697832
frame_000057_0 -0.0958623 0.03391 0.00855272 0.0349472 0.089221 -0.0216871 0.995162
frame_000058_0 -0.0893051 0.0357702 0.00908931 0.0291912 0.117096 -0.0145885 0.992584
frame_000059_0 -0.0855722 0.0363308 0.0101798 0.022715 0.146324 -0.00807129 0.988943
frame_000060_0 -0.0814386 0.0365893 0.0122321 0.0156713 0.175411 -0.00109736 0.98437
frame_000061_0 -0.0785902 0.0377225 0.0138801 0.00902615 0.204395 0.00401558 0.978839
frame_000062_0 -0.0750225 0.0390245 0.0166379 0.00248303 0.23286 0.0097885 0.972458
frame_000063_0 -0.0714746 0.0393232 0.0181105 -0.00432121 0.260813 0.0163379 0.965241
frame_000064_0 -0.0672718 0.0412775 0.0209262 -0.0102596 0.288808 0.0221356 0.957076
frame_000065_0 -0.0648572 0.0409021 0.0248228 -0.0186656 0.317599 0.0274761 0.947643
frame_000066_0 -0.0606636 0.0416434 0.0277984 -0.0263736 0.344865 0.0320804 0.937733
frame_000067_0 -0.0596644 0.0403612 0.0290319 -0.0351082 0.372402 0.0372749 0.926658
frame_000068_0 -0.059671 0.0396122 0.0303657 -0.0439743 0.400171 0.0414348 0.914447
frame_000069_0 -0.0601293 0.0397642 0.0305502 -0.0517767 0.427368 0.0459098 0.901426
frame_000070_0 -0.0598254 0.0397667 0.0306572 -0.0602575 0.453299 0.0483779 0.888003
frame_000071_0 -0.0605363 0.0400625 0.0308192 -0.067687 0.479145 0.0524001 0.873552
frame_000072_0 -0.0608921 0.0397693 0.0310629 -0.0760604 0.504545 0.0556177 0.858228
frame_000073_0 -0.0631389 0.0391383 0.0296004 -0.0836957 0.529253 0.0600087 0.842191
frame_000074_0 -0.0639341 0.0389889 0.0290984 -0.0916708 0.552991 0.0625811 0.825761
frame_000075_0 -0.0654735 0.0394216 0.0285625 -0.0988666 0.576655 0.0661398 0.808282
frame_000076_0 -0.0678014 0.0393424 0.0274088 -0.107124 0.599798 0.0679151 0.790034
frame_000077_0 -0.0695383 0.0396467 0.0259847 -0.115114 0.62196 0.0713498 0.771248
frame_000078_0 -0.0684909 0.0405456 0.0261262 -0.123511 0.643313 0.0727859 0.752061
frame_000079_0 -0.0704412 0.0398095 0.0247609 -0.133351 0.66392 0.0722896 0.732258
frame_000080_0 -0.0746438 0.0391801 0.0201111 -0.14226 0.683638 0.0710779 0.712284
frame_000081_0 -0.0776688 0.03723 0.015013 -0.15161 0.70188 0.0729043 0.692144
frame_000083_0 0.0169377 -0.0317273 0.0141817 0.00126382 0.0549594 0.0126681 0.998407
frame_000084_0 0.021546 -0.0282389 0.0189648 -0.00573627 0.0823552 0.0083597 0.996551
frame_000085_0 0.0207987 -0.0277508 0.019331 -0.0144114 0.111402 0.0052225 0.993657
frame_000086_0 0.0221075 -0.0279376 0.0178076 -0.0223252 0.139331 0.00218364 0.989992
frame_000087_0 0.0214341 -0.0290217 0.0158795 -0.0306037 0.167877 -0.00204178 0.985331
frame_000088_0 0.0218536 -0.02881 0.0157485 -0.0382662 0.195935 -0.0075273 0.979841
frame_000089_0 0.0220106 -0.0290149 0.0153047 -0.0460488 0.224016 -0.0132748 0.973406
frame_000090_0 0.0221853 -0.0293269 0.0145213 -0.0539818 0.251701 -0.0187913 0.966116
frame_000091_0 0.0220293 -0.0297665 0.0133048 -0.0612205 0.279352 -0.0245151 0.957921
frame_000092_0 0.0224159 -0.0289147 0.0131622 -0.067215 0.307076 -0.0300589 0.948832
frame_000093_0 0.022135 -0.0293492 0.0103919 -0.0741179 0.334281 -0.0368528 0.938831
frame_000094_0 0.0221271 -0.0296031 0.00868086 -0.0806551 0.361084 -0.0434305 0.928023
frame_000095_0 0.0217534 -0.0299895 0.00691721 -0.0870776 0.387519 -0.0526255 0.91623
frame_000096_0 0.0213213 -0.030945 0.00559685 -0.0943375 0.413849 -0.0621435 0.903309
frame_000097_0 0.0205745 -0.0316752 0.00492205 -0.101014 0.440168 -0.073796 0.889158
frame_000098_0 0.0188002 -0.0330039 0.00302795 -0.108549 0.465955 -0.0869215 0.873812
frame_000099_0 0.0183073 -0.0317759 0.00265781 -0.113658 0.491653 -0.100061 0.857524
frame_000100_0 0.0192686 -0.0309521 0.00344934 -0.119115 0.516078 -0.114058 0.840515
frame_000101_0 0.018633 -0.0306224 0.00254091 -0.12319 0.539936 -0.125057 0.823197
frame_000102_0 0.0189802 -0.030634 0.00155541 -0.127305 0.562868 -0.135675 0.805336
frame_000103_0 0.0198462 -0.0293078 0.00239241 -0.131373 0.58571 -0.150713 0.785474
frame_000104_0 0.0205655 -0.0290915 0.00190526 -0.135284 0.607445 -0.162911 0.765616
frame_000105_0 0.0217058 -0.0283472 0.00229238 -0.139297 0.628463 -0.177187 0.74447
frame_000106_0 0.0215776 -0.0278614 0.00230168 -0.142559 0.6491 -0.190602 0.722507
frame_000107_0 0.0170954 -0.0305879 -0.00119886 -0.146849 0.669058 -0.203077 0.699684
frame_000108_0 0.0183447 -0.027449 -0.00021421 -0.148199 0.688586 -0.218429 0.675408
frame_000109_0 0.0086305 -0.0314605 -0.00445763 -0.153018 0.706804 -0.232858 0.650224
frame_000110_0 0.00948685 -0.0308461 -0.00521866 -0.153911 0.723491 -0.246772 0.62608
frame_000111_0 0.00939411 -0.0312216 -0.0047387 -0.15579 0.740157 -0.259688 0.600382
frame_000112_0 0.00942715 -0.0311025 -0.00485879 -0.159172 0.754618 -0.275971 0.573633
frame_000113_0 0.00896374 -0.0309427 -0.00489576 -0.160883 0.768427 -0.291188 0.546668
frame_000114_0 0.00821327 -0.0310656 -0.0048313 -0.162666 0.780958 -0.305667 0.51982
frame_000115_0 0.00747325 -0.0311416 -0.00480407 -0.163469 0.792554 -0.32044 0.492396
frame_000116_0 0.00687043 -0.0309937 -0.00456853 -0.163484 0.803502 -0.334936 0.464194
frame_000117_0 0.00593969 -0.0308281 -0.00441702 -0.163121 0.813199 -0.349714 0.435659
frame_000118_0 0.00545122 -0.0307513 -0.00435454 -0.162201 0.821599 -0.36511 0.406646
frame_000119_0 0.00487281 -0.0305466 -0.00421488 -0.159792 0.829268 -0.379851 0.377483
frame_000120_0 0.00440964 -0.0304942 -0.00404957 -0.157582 0.835852 -0.394026 0.348229
frame_000121_0 0.00386877 -0.0305087 -0.0039248 -0.154462 0.841417 -0.40776 0.319203
frame_000123_0 0.0179915 -0.0359778 -0.00280897 -0.159 0.840736 -0.409033 0.317134
frame_000124_0 0.0179117 -0.0361873 -0.00261299 -0.155447 0.84436 -0.424395 0.287716
frame_000127_0 0.148232 -0.0537425 0.063836 -0.0383814 -0.00372182 0.0974256 0.994495
frame_000128_0 0.150489 -0.0518389 0.0620224 -0.0337789 0.0258572 0.0885589 0.995162
frame_000129_0 0.150477 -0.0484319 0.0592214 -0.0280244 0.0565328 0.077048 0.995029
frame_000130_0 0.15023 -0.047163 0.0580902 -0.0223177 0.0877056 0.0710758 0.993357
frame_000131_0 0.149279 -0.0470849 0.0575213 -0.0184364 0.11921 0.0649344 0.990572
frame_000132_0 0.14979 -0.0472186 0.0560106 -0.0132752 0.149726 0.0586465 0.986897
frame_000133_0 0.14888 -0.0470752 0.0553627 -0.00733585 0.181522 0.0530442 0.981928
frame_000134_0 0.149609 -0.0469773 0.0554701 -0.00185635 0.212196 0.0461125 0.976137
frame_000135_0 0.149849 -0.0477581 0.0548965 0.00302052 0.24276 0.0400404 0.969255
frame_000136_0 0.15335 -0.0472795 0.0551361 0.00846333 0.270949 0.0336909 0.961967
frame_000137_0 0.153912 -0.0471761 0.0557998 0.0144195 0.300888 0.0282627 0.953131
frame_000138_0 0.153709 -0.0465468 0.055329 0.0213376 0.330739 0.0237508 0.943182
frame_000139_0 0.154821 -0.0460699 0.0563431 0.0271398 0.360522 0.0185057 0.932172
frame_000140_0 0.156512 -0.0457309 0.0581109 0.033053 0.389852 0.0122593 0.920202
frame_000141_0 0.15666 -0.0456582 0.0584946 0.0388736 0.418737 0.00618208 0.907254
frame_000142_0 0.156946 -0.0455931 0.0586968 0.0452166 0.446992 0.000225532 0.893395
frame_000143_0 0.155808 -0.0423163 0.059326 0.0542278 0.475404 -0.00521553 0.878079
frame_000144_0 0.153441 -0.0426181 0.0618288 0.0618887 0.504614 -0.00892212 0.861078
frame_000145_0 0.15383 -0.043274 0.0624867 0.0698208 0.530991 -0.0130059 0.844396
frame_000146_0 0.153088 -0.0454536 0.0607754 0.0759703 0.556185 -0.0160302 0.827424
frame_000147_0 0.154868 -0.0500295 0.065613 0.08063 0.582258 -0.0187295 0.808779
frame_000148_0 0.152727 -0.0552854 0.0698553 0.0856159 0.608851 -0.0191287 0.788419
frame_000149_0 0.152008 -0.05836 0.0723984 0.0927034 0.633193 -0.0196471 0.768171
frame_000150_0 0.147198 -0.0606381 0.0715421 0.0996954 0.657343 -0.0203825 0.74669
frame_000151_0 0.145541 -0.0617482 0.0742283 0.107639 0.681061 -0.0197821 0.724002
frame_000152_0 0.145388 -0.0673804 0.0794222 0.113815 0.704898 -0.0173095 0.699904
frame_000153_0 0.142144 -0.0669657 0.0844925 0.121726 0.727659 -0.0192308 0.674778
frame_000154_0 0.136765 -0.066647 0.0840366 0.129801 0.747683 -0.0199437 0.65094
frame_000155_0 0.134106 -0.0688839 0.0863319 0.136849 0.768239 -0.0199353 0.625047
frame_000156_0 0.134248 -0.0712226 0.0873632 0.14379 0.787673 -0.0178959 0.598811
frame_000157_0 0.134239 -0.0720226 0.0876699 0.151092 0.805497 -0.0164543 0.572778
frame_000158_0 0.133677 -0.0726714 0.0892337 0.160153 0.823294 -0.0122131 0.544416
frame_000159_0 0.134706 -0.0729634 0.0903468 0.167213 0.839499 -0.0108698 0.516878
frame_000160_0 0.134392 -0.0731028 0.0914529 0.174509 0.854783 -0.00944219 0.488675
frame_000161_0 0.131512 -0.0679003 0.0915121 0.183161 0.868626 -0.0115291 0.460226
frame_000162_0 0.13191 -0.0672644 0.0915589 0.189424 0.882114 -0.0115391 0.431115
frame_000163_0 0.131908 -0.0666085 0.090728 0.195658 0.893803 -0.0121448 0.403344
frame_000164_0 0.1318 -0.0664798 0.0907096 0.201723 0.905249 -0.0109475 0.37378
frame_000167_0 0.0310284 0.00455081 0.030587 0.015917 0.0433479 0.0157865 0.998808
frame_000168_0 0.0317842 0.00566968 0.0332529 0.0213159 0.074945 0.0215564 0.996727
frame_000169_0 0.0327951 0.00580519 0.0356031 0.0255974 0.106469 0.0290495 0.993562
frame_000170_0 0.0338292 0.00685296 0.037692 0.0320934 0.137308 0.0392515 0.98923
frame_000171_0 0.0351075 0.00839772 0.0399066 0.037869 0.167972 0.0497909 0.983805
frame_000172_0 0.0361951 0.00908711 0.0414678 0.0420949 0.198457 0.0609382 0.977307
frame_000173_0 0.0379307 0.00962713 0.0423694 0.0454175 0.228517 0.0727922 0.969752
frame_000174_0 0.0381405 0.00983183 0.043849 0.0481394 0.259153 0.0848113 0.9609
frame_000175_0 0.0381134 0.0102053 0.044361 0.0510191 0.288965 0.0981467 0.950928
frame_000176_0 0.0382633 0.0101946 0.0442774 0.0530383 0.318144 0.113042 0.939783
frame_000177_0 0.0383342 0.0106245 0.0445358 0.0551273 0.347439 0.126489 0.927495
frame_000178_0 0.0384012 0.0106414 0.0445497 0.0562438 0.3766 0.140958 0.91386
frame_000179_0 0.0386087 0.0113175 0.0450129 0.0586465 0.404617 0.155509 0.899257
frame_000180_0 0.0386445 0.0110067 0.0451142 0.0595509 0.431588 0.170447 0.883818
frame_000181_0 0.0397252 0.0106028 0.0457452 0.0610735 0.457599 0.187582 0.866998
frame_000182_0 0.0406159 0.0106053 0.0464992 0.0624507 0.483096 0.20522 0.848884
frame_000183_0 0.0424568 0.0104897 0.0472353 0.0631386 0.50756 0.222571 0.829975
frame_000184_0 0.0417834 0.0102915 0.0469214 0.0627133 0.531767 0.238898 0.810073
frame_000185_0 0.0416753 0.0105996 0.0469095 0.0606407 0.555321 0.251219 0.790462
frame_000186_0 0.0418569 0.00995339 0.0467868 0.0599873 0.576677 0.270438 0.768576
frame_000187_0 0.0439322 0.0103736 0.0478891 0.05777 0.598707 0.285229 0.746229
